12, 1461133832683, 1461133833360, 0, 
77, 1461133832844, 1461133833384, 0, 
21, 1461133832699, 1461133833391, 0, 
5, 1461133832667, 1461133833498, 0, 
2, 1461133832663, 1461133833594, 0, 
69, 1461133832824, 1461133833617, 0, 
24, 1461133832702, 1461133833655, 0, 
64, 1461133832809, 1461133833711, 0, 
47, 1461133832753, 1461133833724, 0, 
40, 1461133832746, 1461133834030, 0, 
4, 1461133832666, 1461133834259, 0, 
46, 1461133832752, 1461133834401, 0, 
28, 1461133832709, 1461133834447, 0, 
48, 1461133832754, 1461133834544, 0, 
37, 1461133832720, 1461133834680, 0, 
34, 1461133832717, 1461133834824, 0, 
73, 1461133832829, 1461133834882, 0, 
30, 1461133832711, 1461133834898, 0, 
41, 1461133832748, 1461133834955, 0, 
39, 1461133832744, 1461133835051, 0, 
50, 1461133832755, 1461133835081, 0, 
6, 1461133832668, 1461133835216, 0, 
8, 1461133832675, 1461133835296, 0, 
45, 1461133832751, 1461133835333, 0, 
72, 1461133832828, 1461133835391, 0, 
11, 1461133832682, 1461133835536, 0, 
22, 1461133832700, 1461133835594, 0, 
32, 1461133832716, 1461133835610, 0, 
36, 1461133832719, 1461133835690, 0, 
18, 1461133832695, 1461133835826, 0, 
25, 1461133832703, 1461133835835, 0, 
51, 1461133832756, 1461133836004, 0, 
44, 1461133832751, 1461133836269, 0, 
13, 1461133832687, 1461133836272, 0, 
38, 1461133832721, 1461133836316, 0, 
7, 1461133832669, 1461133836364, 0, 
16, 1461133832693, 1461133836431, 0, 
26, 1461133832706, 1461133836435, 0, 
3, 1461133832664, 1461133836522, 0, 
19, 1461133832697, 1461133836575, 0, 
29, 1461133832710, 1461133836705, 0, 
14, 1461133832688, 1461133836831, 0, 
15, 1461133832691, 1461133836929, 0, 
27, 1461133832707, 1461133837357, 0, 
65, 1461133832810, 1461133837389, 0, 
10, 1461133832681, 1461133837454, 0, 
60, 1461133832797, 1461133837633, 0, 
35, 1461133832718, 1461133837676, 0, 
70, 1461133832826, 1461133837748, 0, 
106, 1461133832904, 1461133837869, 0, 
63, 1461133832805, 1461133837886, 0, 
9, 1461133832678, 1461133837948, 0, 
20, 1461133832698, 1461133838176, 0, 
33, 1461133832716, 1461133838359, 0, 
23, 1461133832701, 1461133838405, 0, 
71, 1461133832827, 1461133838494, 0, 
17, 1461133832694, 1461133838618, 0, 
61, 1461133832798, 1461133838660, 0, 
1, 1461133832658, 1461133838681, 0, 
31, 1461133832714, 1461133838855, 0, 
42, 1461133832749, 1461133838866, 0, 
49, 1461133832754, 1461133838939, 0, 
0, 1461133832650, 1461133838958, 0, 
43, 1461133832750, 1461133839031, 0, 
